v2.0 raw
20 20 20 20 20 55 4E 49 56 45 52 53 49 44 41 44
20 54 45 43 4E 4F 4C 4F 47 49 43 41 20 44 45 20
50 41 4E 41 4D 41 0D 0A 46 41 43 55 4C 54 41 44
41 44 20 44 45 20 49 4E 47 45 4E 45 52 49 41 20
44 45 20 53 49 53 54 45 4D 41 53 20 43 4F 4D 50
55 54 41 43 49 4F 4E 41 4C 45 53 0D 0A 44 45 50
41 52 54 41 4D 45 4E 54 4F 20 44 45 20 41 52 51
55 49 54 45 43 54 55 52 41 20 59 20 52 45 44 45
53 20 44 45 20 43 4F 4D 50 55 54 41 44 4F 52 41
53 20 0D 0A 20 20 20 20 20 20 20 20 20 20 20 20
20 20 20 20 20 47 52 55 50 4F 3A 31 49 4C 31 33
31 0D 0A 20 20 20 20 20 20 20 20 20 20 20 20 45
53 54 55 44 49 41 4E 54 45 3A 4D 41 52 43 4F 53
20 4E 55 4E 45 5A 00 0A 49 4E 47 52 45 53 45 20
55 4E 20 4E 55 4D 45 52 4F 3A 00 0D 0A 45 4C 20
4E 55 4D 45 52 4F 20 49 4E 47 52 45 53 41 44 4F
20 45 4E 20 48 45 58 41 44 45 43 49 4D 41 4C 20
45 53 3A 00

